Watts Up? Header Record
W, V, A, WH, Cost, WH/Mo, Cost/Mo, Wmax, Vmax, Amax, Wmin, Vmin, Amin, PF, DC, PC, Hz, VA
12.7
13.2
13.7
14.0
14.4
14.7
14.9
15.2
15.4
15.6
15.8
15.9
16.0
16.1
16.2
16.4
16.4
16.5
16.5
16.6
16.6
16.7
16.7
16.8
16.8
16.8
16.8
16.8
16.9
16.9
16.9
16.9
16.9
16.9
16.9
16.9
17.0
16.9
17.0
17.0
16.9
17.0
17.0
17.0
17.0
17.0
17.0
17.0
17.0
17.0
17.0
17.0
17.0
17.0
17.1
17.1
17.1
17.1
17.1
17.1
17.1
17.1
17.1
17.0
17.0
17.1
17.1
17.0
17.0
17.0
17.0
17.0
17.1
17.1
17.0
17.0
17.0
17.1
17.1
17.1
17.1
17.0
17.1
17.1
17.0
17.0
17.1
17.1
17.1
17.1
17.1
17.1
17.0
17.1
17.1
17.1
17.1
17.0
17.1
17.1
17.0
17.0
17.1
17.1
17.0
17.0
17.0
17.0
17.1
17.1
17.0
17.0
17.0
17.0
17.1
17.1
17.1
17.1
17.0
17.1
17.1
17.0
17.1
17.1
17.1
17.1
17.0
17.1
17.1
17.0
17.1
17.1
17.1
17.1
17.1
17.1
17.1
17.1
17.1
17.1
17.1
17.1
17.1
17.1
17.0
17.0
17.1
17.1
17.1
17.1
17.1
17.1
17.1
17.1
17.1
17.1
17.0
17.0
17.1
17.1
17.1
17.1
17.1
17.1
17.1
17.2
17.2
17.2
17.1
17.1
17.1
17.1
17.2
17.1
17.1
17.1
17.1
17.1
17.1
17.1
17.1
17.1
17.1
17.1
17.1
17.1
17.1
17.1
17.1
17.1
17.1
17.1
17.1
17.1
17.1
17.1
17.1
17.1
17.1
17.1
17.1
17.1
17.1
17.1
17.1
17.1
17.1
17.1
17.1
17.1
17.1
17.1
17.1
17.1
17.1
17.1
17.1
17.1
17.1
17.1
17.1
17.1
17.1
17.1
17.1
17.1
17.1
17.1
17.1
17.1
17.1
17.1
17.1
17.1
17.1
17.1
17.1
17.1
17.1
17.1
17.1
17.1
17.0
17.1
17.1
17.1
17.1
17.0
17.1
17.1
17.1
17.1
17.0
17.1
17.1
17.1
17.1
17.1
17.1
17.1
17.1
17.1
17.1
17.1
17.1
17.1
17.1
17.1
17.1
17.1
17.1
17.1
17.1
17.1
17.2
17.2
17.1
17.1
17.1
17.1
17.1
17.1
17.1
17.1
17.1
17.1
17.1
17.1
17.2
17.2
17.2
17.2
17.2
17.2
17.2
17.1
17.1
17.1
17.1
17.2
17.1
17.1
17.1
17.1
17.1
17.1
17.2
17.1
17.1
17.1
17.1
17.1
17.1
17.1
17.1
17.1
17.1
17.1
17.1
17.1
17.1
17.1
17.1
17.1
17.1
17.1
17.1
17.1
17.1
17.1
17.1
17.1
17.1
17.1
17.1
17.1
17.1
17.1
17.1
17.1
17.1
17.1
17.1
17.1
17.0
17.1
17.1
17.1
17.1
17.0
17.0
17.1
17.1
17.1
17.1
17.1
17.1
17.1
17.1
17.1
17.1
17.1
17.1
17.1
17.1
17.1
17.1
17.1
17.1
17.1
17.1
17.1
17.1
17.1
17.1
17.1
17.1
17.1
17.1
17.1
17.1
17.0
17.1
17.1
17.0
17.1
17.1
17.0
17.1
17.1
17.0
17.1
17.1
17.1
17.1
17.0
17.0
17.1
17.1
17.0
17.0
17.1
17.1
17.0
17.0
17.0
17.0
17.0
17.0
17.0
17.0
17.1
17.1
17.1
17.1
17.1
17.0
17.1
17.1
17.1
17.1
17.1
17.0
17.0
17.0
17.0
17.0
17.1
17.1
17.0
17.0
17.0
17.0
17.0
17.0
17.0
17.1
17.1
17.1
17.0
17.0
17.1
17.0
17.1
17.0
17.1
17.0
