Watts Up? Header Record
W, V, A, WH, Cost, WH/Mo, Cost/Mo, Wmax, Vmax, Amax, Wmin, Vmin, Amin, PF, DC, PC, Hz, VA
17.2
17.2
17.2
17.2
17.2
17.3
17.3
17.3
17.3
17.4
17.4
17.4
17.5
17.5
17.5
17.6
17.6
17.6
17.6
17.6
17.6
17.7
17.7
17.6
17.7
17.7
17.7
17.7
17.7
17.7
17.7
17.8
17.7
17.7
17.7
17.7
17.7
17.7
17.7
17.7
17.7
17.7
17.7
17.7
17.8
17.8
17.7
17.8
17.8
17.7
17.7
17.8
17.7
17.7
17.8
17.8
17.7
17.7
17.7
17.7
17.8
17.8
17.8
17.8
17.8
17.8
17.8
17.8
17.8
17.8
17.9
17.9
17.8
17.8
17.8
17.8
17.8
17.8
17.8
17.8
17.8
17.8
17.8
17.8
17.8
17.8
17.8
17.8
17.8
17.8
17.8
17.8
17.8
17.8
17.8
17.8
17.8
17.8
17.8
17.8
17.8
17.8
17.8
17.8
17.9
