14.0
14.4
14.8
15.2
15.5
15.8
16.1
16.3
16.5
16.7
16.8
17.0
17.1
17.2
17.3
17.4
17.5
17.6
17.6
17.7
17.7
17.7
17.8
17.8
17.8
17.9
17.9
17.9
18.0
18.0
18.0
18.0
18.0
18.0
18.0
18.0
18.0
18.0
18.0
18.0
18.1
18.1
18.1
18.1
18.1
18.1
18.1
18.1
18.1
18.2
18.1
18.1
18.1
18.2
18.1
18.2
18.1
18.2
18.1
18.2
18.2
18.2
18.2
18.1
18.1
18.2
18.2
18.1
18.1
18.1
18.1
18.1
18.1
18.1
18.1
18.1
18.1
18.1
18.1
18.1
18.0
18.0
18.1
18.1
18.1
18.1
18.1
18.1
18.2
18.2
18.1
18.1
18.2
18.1
18.2
18.1
18.2
18.1
18.2
18.2
18.2
18.1
18.1
18.1
18.1
18.1
18.1
18.2
18.1
18.1
18.1
18.1
18.2
18.1
18.1
18.1
18.1
18.1
18.0
18.0
18.0
18.0
18.0
18.0
18.0
18.0
18.0
18.0
18.0
18.0
18.0
18.0
18.0
18.0
18.1
18.0
18.0
18.0
18.0
18.0
18.1
18.0
18.0
18.0
18.0
18.1
18.1
18.1
18.2
18.2
18.2
18.2
18.1
18.1
18.1
18.1
18.1
18.1
18.1
18.0
18.1
18.0
18.1
18.0
18.1
18.1
18.1
18.1
18.1
18.1
18.1
18.1
18.1
18.1
18.1
18.1
18.1
18.1
18.1
18.1
18.0
18.0
18.1
18.1
18.1
18.1
18.1
18.1
18.1
18.1
18.1
18.1
18.1
18.1
18.1
18.1
18.0
18.1
18.1
18.1
18.1
18.1
18.1
18.1
18.1
18.1
18.1
18.1
18.1
18.1
18.1
18.1
18.1
18.1
18.1
18.1
18.1
18.1
18.0
18.1
18.0
18.0
18.1
18.1
18.1
18.1
18.1
18.1
18.1
18.1
18.1
18.1
18.1
18.1
18.1
18.1
18.1
18.1
18.1
18.1
18.1
18.1
18.1
18.1
18.1
18.1
18.1
18.1
18.1
18.1
18.1
18.1
18.1
18.1
18.1
18.1
18.1
18.1
18.1
18.1
18.1
18.0
18.0
18.0
18.0
18.0
18.0
18.0
18.0
18.0
18.0
18.0
18.0
18.0
18.0
18.0
18.0
18.0
18.0
18.1
18.1
18.1
18.1
18.1
18.1
18.1
18.1
18.1
18.1
18.1
18.1
18.1
18.1
18.1
18.2
18.1
18.1
