Watts Up? Header Record
W, V, A, WH, Cost, WH/Mo, Cost/Mo, Wmax, Vmax, Amax, Wmin, Vmin, Amin, PF, DC, PC, Hz, VA
22.8
22.7
22.6
22.6
22.7
22.7
22.7
22.6
22.6
22.6
22.6
22.6
22.6
22.7
22.7
22.7
22.8
22.9
22.9
22.9
23.0
23.1
22.9
22.8
22.7
22.6
22.7
22.6
22.5
22.5
22.4
22.4
22.4
22.4
22.3
22.3
22.2
22.2
22.2
22.3
22.3
22.3
22.3
22.3
22.4
22.4
22.4
22.3
22.4
22.3
22.4
22.4
22.5
22.6
22.7
22.7
22.8
23.0
23.0
23.1
23.2
23.3
23.3
23.2
23.3
23.3
23.4
23.4
23.4
23.5
23.6
23.6
23.7
23.7
23.7
23.7
23.8
23.9
24.0
23.8
23.8
23.8
23.8
23.8
23.8
23.8
23.8
23.8
23.9
23.8
23.8
23.8
23.8
23.8
