17.4
17.4
17.4
17.4
17.5
17.4
17.4
17.5
17.5
17.5
17.5
17.5
17.6
17.6
17.6
17.6
17.6
17.6
17.7
17.7
17.7
17.7
17.7
17.7
17.8
17.8
17.8
17.8
17.8
17.9
17.9
17.9
17.9
17.9
17.8
17.9
17.9
17.9
17.9
17.9
17.9
17.9
18.0
18.0
17.9
17.9
17.9
17.9
17.9
17.9
17.8
17.8
17.9
17.9
17.9
17.9
17.9
17.9
17.9
17.9
17.9
17.9
17.9
18.0
17.9
17.9
17.9
17.9
18.0
17.9
17.9
18.0
18.0
18.0
18.0
17.9
17.9
17.9
18.0
18.0
18.0
17.9
18.0
18.0
17.9
18.0
18.0
18.0
18.0
18.0
18.0
18.0
18.0
18.0
18.0
18.0
18.0
17.9
17.9
18.0
17.9
17.9
18.0
18.0
18.0
