16.7
16.8
17.0
17.1
17.3
17.5
17.5
17.6
17.7
17.7
17.8
17.8
17.9
17.9
17.9
17.9
18.0
18.0
18.0
18.0
18.0
18.0
18.0
18.0
18.0
18.0
18.1
18.0
18.1
18.1
18.1
18.1
18.1
18.1
18.2
18.2
18.2
18.2
18.2
18.2
18.2
18.2
18.2
18.2
18.2
18.2
18.2
18.3
18.2
18.3
18.3
18.2
18.2
18.2
18.3
18.3
18.2
18.3
18.3
18.2
18.3
18.2
18.3
18.3
18.3
18.3
18.2
18.3
18.3
18.2
18.3
18.3
18.2
18.3
18.2
18.2
18.3
18.3
18.3
18.3
18.3
18.3
18.2
18.3
18.3
18.2
18.3
18.3
18.3
18.3
18.3
18.3
18.3
18.3
18.3
18.2
18.2
18.2
18.2
18.2
18.2
18.2
18.2
18.2
18.2
18.2
18.2
18.1
18.2
18.1
18.1
18.1
18.2
18.2
18.3
18.3
18.3
18.3
18.3
18.3
18.2
18.2
18.2
18.3
18.3
18.2
18.2
18.2
18.3
18.3
18.2
18.2
18.3
18.3
18.2
18.2
18.2
18.2
18.2
18.3
18.3
18.2
18.3
18.2
18.2
18.2
18.2
18.2
18.2
18.2
18.2
18.2
18.2
18.2
18.2
18.2
18.2
18.2
18.2
18.2
18.2
18.1
18.2
18.2
18.2
18.1
18.1
18.1
18.2
18.1
18.1
18.1
18.1
18.1
18.1
18.2
18.2
18.2
18.2
18.2
18.2
18.2
18.3
18.3
18.3
18.3
18.3
18.3
18.3
18.3
18.3
18.3
18.3
18.3
18.3
18.3
18.2
18.2
18.2
18.2
18.2
18.1
18.2
18.2
18.2
18.2
18.2
18.1
18.2
18.2
18.2
18.2
18.2
18.2
18.2
18.2
18.2
18.2
18.2
18.2
18.2
18.2
18.2
18.2
