Watts Up? Header Record
W, V, A, WH, Cost, WH/Mo, Cost/Mo, Wmax, Vmax, Amax, Wmin, Vmin, Amin, PF, DC, PC, Hz, VA
14.7
15.0
15.4
15.7
16.0
16.2
16.4
16.5
16.7
16.9
17.0
17.1
17.3
17.4
17.5
17.6
17.7
17.8
17.8
17.9
18.0
18.1
18.1
18.1
18.2
18.1
18.2
18.2
18.2
18.2
18.2
18.2
18.2
18.1
18.2
18.2
18.2
18.2
18.2
18.2
18.2
18.3
18.3
18.3
18.3
18.3
18.3
18.3
18.3
18.3
18.3
18.4
18.3
18.3
18.3
18.3
18.3
18.2
18.2
18.3
18.2
18.2
18.2
18.2
18.2
18.1
18.2
18.1
18.2
18.2
18.2
18.2
18.2
18.2
18.2
18.2
18.2
18.2
18.2
18.1
18.2
18.1
18.1
18.1
18.2
18.1
18.2
18.2
18.2
18.2
18.2
18.2
18.2
18.2
18.2
18.2
18.2
18.2
18.2
18.3
18.3
18.2
18.2
18.2
18.3
18.3
18.2
18.2
18.2
18.3
18.3
18.2
18.2
18.2
18.2
18.3
18.2
18.2
18.2
18.2
18.2
18.2
18.2
18.2
18.2
18.2
18.2
18.2
18.2
18.3
18.3
18.2
18.2
18.2
18.2
18.3
18.3
18.2
18.2
18.2
18.3
