Watts Up? Header Record
W, V, A, WH, Cost, WH/Mo, Cost/Mo, Wmax, Vmax, Amax, Wmin, Vmin, Amin, PF, DC, PC, Hz, VA
14.6
15.2
15.6
16.0
16.4
16.7
17.0
17.3
17.5
17.7
17.9
18.1
18.2
18.3
18.5
18.6
18.7
18.8
18.8
18.9
19.0
19.0
19.1
19.1
19.1
19.2
19.2
19.2
19.3
19.3
19.3
19.3
19.3
19.3
19.3
19.3
19.3
19.4
19.4
19.4
19.4
19.4
19.4
19.4
19.4
19.4
19.4
19.4
19.4
19.3
19.3
19.4
19.4
19.3
19.4
19.3
19.4
19.3
19.4
19.4
19.4
19.4
19.3
19.3
19.3
19.3
19.3
19.3
19.3
19.3
19.3
19.3
19.3
19.3
19.3
19.3
19.4
19.4
19.3
19.3
19.4
19.4
19.3
19.4
19.4
19.4
19.4
19.4
19.4
19.4
19.4
19.4
19.4
19.4
19.4
19.4
19.4
19.4
19.5
19.4
19.4
19.4
19.4
19.4
19.4
19.4
19.4
19.4
19.3
19.4
19.4
19.4
19.4
19.4
19.4
19.4
19.4
19.4
19.4
19.4
19.5
19.5
19.5
19.5
19.4
19.5
19.4
19.5
19.5
19.4
19.5
19.4
19.5
19.4
19.4
19.5
19.5
19.5
19.5
19.4
19.4
19.5
19.5
19.5
19.5
19.4
19.5
19.4
19.5
19.5
19.5
19.5
19.5
19.4
19.4
19.4
19.4
19.5
19.5
19.5
19.5
19.5
19.5
19.5
19.5
19.5
19.5
19.4
19.4
19.5
19.5
19.5
19.5
19.4
19.5
19.5
19.5
19.4
19.4
19.4
19.4
19.5
19.4
19.5
19.5
19.5
19.5
19.5
19.5
19.5
19.5
19.5
19.5
19.5
19.4
19.4
19.4
19.4
19.4
19.4
19.4
19.4
19.5
19.5
19.5
19.5
19.5
19.5
19.5
19.5
19.5
19.5
19.5
19.4
19.4
19.4
19.4
19.4
19.5
19.5
19.4
19.5
19.5
19.4
19.5
19.5
19.4
19.5
19.5
19.5
19.5
19.5
19.5
19.4
19.4
19.5
19.4
19.4
19.4
19.4
19.4
19.4
19.4
19.4
19.4
19.4
19.4
19.4
19.4
19.4
19.4
19.4
19.4
19.4
19.4
19.4
19.4
19.4
19.4
19.4
19.4
19.4
19.4
19.4
19.4
19.4
19.4
19.4
19.4
19.4
19.4
19.4
19.4
19.4
19.4
19.4
19.4
19.4
19.4
19.4
19.4
19.4
19.4
19.4
19.4
19.4
19.4
19.4
19.4
19.4
19.4
19.4
19.4
19.4
19.4
19.4
19.4
19.4
19.4
19.4
19.4
