Watts Up? Header Record
W, V, A, WH, Cost, WH/Mo, Cost/Mo, Wmax, Vmax, Amax, Wmin, Vmin, Amin, PF, DC, PC, Hz, VA
15.3
15.6
15.9
16.2
16.5
16.7
16.9
17.1
17.2
17.4
17.5
17.6
17.7
17.8
18.0
18.0
18.1
18.2
18.2
18.3
18.3
18.4
18.4
18.4
18.4
18.5
18.5
18.5
18.5
18.5
18.6
18.5
18.6
18.7
18.7
18.7
18.7
18.7
18.6
18.7
18.7
18.6
18.6
18.6
18.6
18.6
18.6
18.6
18.6
18.6
18.7
18.6
18.6
18.7
18.7
18.7
18.7
18.7
18.7
18.7
18.7
18.7
18.7
18.7
18.7
18.7
18.6
18.6
18.7
18.7
18.7
18.7
18.7
18.7
18.7
18.7
18.7
18.7
18.7
18.6
18.6
18.7
18.6
18.6
18.7
18.7
18.7
18.7
18.7
18.7
18.7
18.7
18.7
18.7
18.7
18.7
18.7
18.7
18.7
18.7
18.7
18.7
18.7
18.7
18.7
18.7
18.7
18.8
18.7
18.7
18.7
18.7
18.7
18.7
18.7
18.7
18.7
18.7
18.7
18.7
18.7
18.7
18.7
18.7
18.7
18.7
18.7
18.7
18.8
18.8
18.7
18.7
18.7
18.7
18.7
18.7
18.7
18.7
18.8
18.8
18.7
18.8
18.7
18.7
18.7
18.7
18.8
18.7
18.8
18.7
18.7
18.7
18.7
18.7
18.7
18.7
18.7
18.8
18.7
18.7
18.7
18.7
18.8
18.8
18.7
18.8
18.8
18.8
18.7
18.7
18.7
18.8
18.7
18.8
18.7
18.8
18.7
18.7
18.7
18.7
18.8
18.8
18.7
18.7
18.7
18.7
18.7
18.7
18.8
18.8
18.8
18.8
18.7
18.7
18.7
18.8
18.8
18.8
18.8
18.7
18.8
18.8
18.7
18.8
18.7
18.7
18.8
18.7
18.7
18.7
18.7
18.7
18.7
18.7
18.8
18.8
18.8
18.8
18.7
18.8
18.8
18.8
18.8
18.8
18.8
18.8
18.8
18.8
18.8
18.8
18.8
18.8
18.7
18.8
18.8
18.8
18.7
18.8
18.8
18.8
18.8
18.7
18.7
18.7
18.7
18.8
18.8
18.8
18.8
18.7
18.7
18.7
18.7
18.7
18.7
18.7
18.8
18.8
18.7
18.7
18.7
18.7
18.8
18.8
18.8
18.8
18.7
18.7
18.8
18.8
18.8
18.8
18.8
18.8
18.7
18.7
18.7
18.7
18.7
18.7
18.7
18.7
18.7
18.7
18.8
18.8
18.8
18.8
18.7
18.7
18.7
18.7
18.7
18.8
18.9
18.8
18.8
18.8
18.8
18.9
18.9
18.8
18.8
18.8
18.8
18.8
18.8
18.8
18.8
18.8
18.8
18.8
18.8
18.8
18.8
18.9
