Watts Up? Header Record
W, V, A, WH, Cost, WH/Mo, Cost/Mo, Wmax, Vmax, Amax, Wmin, Vmin, Amin, PF, DC, PC, Hz, VA
21.4
21.4
21.5
21.5
21.6
21.7
21.7
21.7
21.7
21.7
21.8
21.8
21.9
21.9
21.8
21.8
21.9
22.0
22.1
22.1
22.2
22.2
22.3
22.3
22.2
22.2
22.2
22.2
22.1
22.1
22.2
22.2
22.1
22.1
22.1
22.1
22.2
22.2
22.2
22.1
22.2
22.3
22.3
22.3
22.4
22.4
22.3
22.3
22.3
22.4
22.3
22.3
22.4
22.4
22.3
22.3
22.3
22.4
22.4
22.2
22.3
22.2
22.2
22.3
22.2
22.3
22.3
22.4
22.4
22.4
22.4
22.5
22.5
22.4
22.4
22.4
22.5
22.4
