13.4
14.0
14.5
14.9
15.3
15.7
16.0
16.2
16.5
16.7
16.9
17.1
17.3
17.5
17.6
17.7
17.8
17.9
18.0
18.1
18.1
18.2
18.2
18.3
18.3
18.4
18.4
18.4
18.4
18.4
18.4
18.4
18.4
18.5
18.5
18.5
18.4
18.5
18.5
18.5
18.4
18.4
18.5
18.5
18.5
18.4
18.4
18.5
18.5
18.5
18.5
18.5
18.5
18.5
18.6
18.5
18.5
18.5
18.5
18.5
18.5
18.5
18.5
18.5
18.5
18.5
18.6
18.6
18.6
18.6
18.6
18.6
18.6
18.7
18.7
18.7
18.7
18.7
18.6
18.6
18.6
18.6
18.6
18.6
18.5
18.5
18.8
18.7
18.7
18.7
18.7
18.6
18.6
18.6
18.6
18.6
18.6
18.6
18.6
18.7
18.6
18.6
18.6
18.6
18.6
18.6
18.6
18.6
18.6
18.6
18.6
18.6
18.6
18.6
18.6
18.6
18.6
18.6
18.6
18.6
18.6
18.5
18.5
18.5
18.5
18.5
18.5
18.5
18.5
18.5
18.5
18.5
18.5
18.5
18.5
18.5
18.6
18.6
18.6
18.6
18.5
18.6
18.6
18.6
18.6
18.5
18.5
18.6
18.5
18.5
18.5
18.5
18.5
18.5
18.6
18.5
18.6
18.6
18.5
18.6
18.6
18.5
18.6
18.6
18.6
18.6
18.5
18.5
18.5
18.5
18.5
18.5
18.5
18.5
18.5
18.5
18.6
18.6
18.5
18.5
18.5
18.6
18.6
18.5
18.5
18.5
18.6
18.6
18.6
18.6
18.6
18.6
18.6
18.6
18.6
18.6
18.6
18.6
18.7
18.6
18.7
18.6
18.6
18.6
18.6
18.6
18.5
18.5
18.5
18.5
18.6
18.6
18.6
18.6
18.5
18.6
18.6
18.6
18.6
18.6
18.7
18.7
18.7
18.7
18.7
18.6
18.6
18.6
18.6
18.6
18.6
18.5
18.6
18.5
18.5
18.5
18.5
18.5
18.5
18.5
18.5
18.5
18.6
18.6
18.5
18.6
18.6
18.6
18.6
18.5
18.6
18.6
18.6
18.6
18.6
18.6
18.6
18.6
18.6
18.6
18.6
18.7
18.6
18.6
18.6
18.7
18.7
18.7
18.7
18.6
18.6
18.6
18.6
18.6
18.6
18.6
18.6
18.6
18.7
18.6
18.6
19.0
19.1
19.0
18.9
18.9
18.9
18.8
18.8
18.8
