14.3
14.8
15.2
15.6
15.9
16.2
16.4
16.6
16.8
17.0
17.1
17.3
17.5
17.6
17.7
17.8
17.9
18.0
18.1
18.1
18.2
18.2
18.4
18.4
18.4
18.4
18.4
18.4
18.4
18.4
18.4
18.6
18.6
18.6
18.6
18.6
18.6
18.6
18.6
18.5
18.5
18.5
18.5
18.5
18.5
18.6
18.6
18.6
18.6
18.7
26.4
26.0
18.9
18.9
18.8
18.8
18.8
18.7
18.7
18.7
18.6
18.6
18.6
18.6
18.6
18.6
18.6
18.6
18.6
18.6
18.6
18.6
18.6
18.7
18.6
18.6
18.7
18.6
18.6
18.6
18.6
18.6
18.6
18.7
18.7
18.8
18.7
18.7
18.7
18.7
18.7
18.7
18.7
18.6
18.6
18.6
18.6
18.6
18.7
18.6
18.6
18.6
18.6
18.6
18.6
18.6
18.6
18.6
18.6
18.6
18.6
18.6
18.6
18.6
18.6
18.7
18.7
18.7
18.7
