18.7
18.6
18.6
18.6
18.5
18.5
18.5
18.6
18.6
18.6
18.7
18.7
18.7
18.7
18.8
18.7
18.8
18.8
18.8
18.8
18.8
18.8
18.8
18.9
18.9
18.9
18.9
18.9
18.9
18.9
19.0
18.9
18.9
18.9
19.0
18.9
18.9
19.0
18.9
18.9
18.9
19.0
19.0
19.0
19.0
19.0
19.0
18.9
19.0
18.9
19.0
18.9
18.9
18.9
18.9
18.9
19.0
19.0
19.0
19.0
19.0
19.0
19.0
19.0
19.1
19.1
19.1
19.1
19.1
19.1
19.1
19.1
19.1
19.1
19.1
19.1
19.1
19.1
19.0
19.0
19.0
19.0
19.0
19.0
19.0
19.1
19.1
19.1
19.0
19.0
19.0
19.0
19.1
19.0
19.0
19.1
19.0
19.0
19.0
19.0
19.0
19.0
19.0
19.0
18.9
18.9
19.0
18.9
18.9
19.0
19.0
19.0
19.0
18.9
19.0
19.0
19.0
19.0
19.0
19.0
19.1
19.1
19.1
19.1
19.1
19.1
19.1
19.1
19.1
19.1
19.1
19.1
19.1
19.1
19.1
19.0
19.1
19.1
19.0
19.0
19.0
19.0
19.0
19.0
19.0
19.0
19.0
19.0
19.0
19.0
19.0
19.0
19.0
19.0
19.0
19.0
19.0
19.0
19.0
19.0
19.0
19.0
19.1
19.0
19.0
19.0
19.0
19.0
19.0
19.0
19.0
19.0
19.0
19.1
19.1
19.0
19.0
19.1
19.1
19.1
19.0
19.0
19.0
19.0
19.1
19.0
19.0
19.1
19.1
19.1
19.1
19.1
19.0
19.0
19.0
19.0
19.0
19.0
19.0
19.0
19.1
19.1
19.0
19.0
19.1
19.1
19.1
19.1
19.2
19.1
19.1
19.1
19.1
19.1
19.1
19.1
19.1
19.1
19.1
19.1
19.1
19.1
19.1
19.1
19.1
19.1
19.1
19.1
19.1
19.1
19.2
19.1
19.2
19.1
19.1
19.1
19.1
19.1
19.1
19.3
19.3
19.2
19.2
19.2
19.2
19.1
19.1
19.1
19.1
19.1
19.1
19.1
19.1
19.1
19.1
19.2
19.2
19.1
19.1
19.1
19.1
19.0
19.1
19.1
19.1
19.1
19.1
19.1
19.1
19.1
19.1
19.1
19.1
19.1
19.0
19.0
19.0
19.0
19.0
19.0
19.0
19.0
19.0
19.0
19.0
19.0
19.0
19.0
19.0
19.0
19.1
19.1
19.0
19.0
19.1
19.1
19.1
19.1
