14.7
14.8
14.8
14.8
14.8
14.9
14.9
15.0
14.9
15.0
15.0
15.1
15.1
15.1
15.2
15.2
15.3
15.3
15.3
15.3
15.4
15.4
15.4
15.4
15.4
15.4
15.4
15.4
15.4
15.4
15.4
15.4
15.5
15.5
15.4
15.5
15.5
15.5
15.4
15.4
15.4
15.4
15.5
15.6
15.6
15.5
15.6
15.5
15.5
15.5
15.5
15.5
15.5
15.5
15.4
15.4
15.5
15.5
15.5
15.4
15.5
15.6
15.5
15.6
15.5
15.5
15.5
15.5
15.5
15.5
15.5
15.5
15.4
15.5
15.5
15.5
15.5
15.4
15.5
15.5
15.5
15.5
15.4
15.5
15.5
15.5
15.5
15.5
15.5
15.4
15.5
15.4
15.4
15.4
15.4
15.4
15.4
15.4
15.4
15.4
15.4
15.5
15.4
15.4
15.4
15.5
15.4
15.4
15.4
15.4
15.4
15.5
15.4
15.4
15.5
15.4
15.4
15.4
15.4
15.5
15.5
15.4
15.5
15.4
15.4
15.4
15.4
15.4
15.4
15.4
15.4
15.4
15.5
15.6
15.5
15.5
15.6
15.5
15.5
15.5
15.5
15.5
15.5
15.5
15.4
15.5
15.5
15.5
15.5
15.5
15.5
15.5
15.5
15.5
15.5
15.5
15.6
15.5
15.5
15.5
15.4
15.5
15.5
15.5
15.4
15.5
15.6
15.6
15.6
15.6
15.6
15.5
15.5
15.5
15.5
15.5
15.6
