Watts Up? Header Record
W, V, A, WH, Cost, WH/Mo, Cost/Mo, Wmax, Vmax, Amax, Wmin, Vmin, Amin, PF, DC, PC, Hz, VA
16.2
16.4
16.7
17.0
17.1
17.3
17.5
17.6
17.8
17.9
18.0
18.1
18.2
18.2
18.4
18.4
18.5
18.5
18.5
18.6
18.6
18.6
18.6
18.7
18.7
18.7
18.7
18.7
18.8
18.8
18.8
18.8
18.8
18.8
18.8
18.8
18.8
18.8
18.9
18.9
19.0
18.9
18.9
19.0
19.0
19.0
18.9
18.9
18.9
18.9
18.9
19.0
18.9
18.9
18.9
18.9
18.9
18.9
18.9
18.9
18.9
18.9
18.9
19.0
18.9
19.0
19.0
18.9
18.9
18.9
18.9
18.9
18.9
18.9
18.9
19.0
18.9
18.9
18.9
18.9
18.9
18.9
19.0
19.0
19.0
19.0
19.0
19.0
18.9
19.0
19.0
19.0
19.0
19.0
19.0
19.0
19.0
18.9
19.0
19.0
18.9
19.0
19.0
19.0
19.0
18.9
19.0
18.9
18.9
18.9
18.9
18.9
18.9
19.0
18.9
18.9
18.9
19.0
19.0
19.0
19.0
18.9
19.0
