Watts Up? Header Record
W, V, A, WH, Cost, WH/Mo, Cost/Mo, Wmax, Vmax, Amax, Wmin, Vmin, Amin, PF, DC, PC, Hz, VA
16.4
16.7
16.9
17.2
17.4
17.6
17.8
17.9
18.1
18.2
18.3
18.4
18.4
18.6
18.6
18.7
18.8
18.8
18.9
18.9
19.0
19.0
19.1
19.1
19.1
19.2
19.2
19.2
19.2
19.2
19.3
19.2
19.3
19.3
19.3
19.3
19.3
19.3
19.3
19.3
19.3
19.3
19.3
19.3
19.3
19.3
19.3
19.3
19.3
19.4
19.3
19.3
19.3
19.3
19.4
19.4
19.4
19.4
19.4
19.4
19.4
19.4
19.4
19.4
19.4
19.4
19.4
19.4
19.3
19.4
19.4
19.4
19.4
19.4
19.4
19.4
19.5
19.5
19.5
19.4
19.4
19.4
19.4
19.4
19.4
19.4
19.4
19.5
19.5
19.5
19.5
19.5
19.5
19.5
19.5
19.5
19.4
19.4
19.4
19.4
19.4
19.4
19.4
19.4
19.4
19.4
19.4
19.4
19.4
19.4
19.4
19.4
19.5
19.4
19.4
19.5
19.5
19.5
19.5
19.5
19.5
19.5
19.4
19.4
19.4
19.4
19.5
19.4
19.4
19.4
19.4
19.4
19.4
19.4
19.4
19.4
19.4
19.4
19.4
19.5
19.4
19.5
19.5
19.5
19.5
19.5
19.5
19.5
19.5
19.5
19.5
19.5
19.5
19.5
19.5
19.5
19.5
19.5
19.6
19.6
19.5
19.5
19.5
19.5
19.5
19.5
19.5
19.5
19.6
19.6
19.5
19.5
19.5
19.6
19.6
19.5
19.5
19.6
19.5
19.5
19.5
19.5
19.5
19.5
19.5
19.5
19.5
19.5
19.5
19.5
19.5
19.5
19.5
19.5
19.5
19.5
19.5
19.5
19.5
19.5
19.5
19.5
19.5
19.5
19.5
19.5
19.5
19.4
19.5
19.4
19.5
19.5
19.5
19.5
19.5
19.5
19.6
19.6
19.6
19.5
19.5
19.5
19.5
19.5
19.5
19.5
19.5
19.4
19.5
19.5
19.5
19.6
20.0
20.2
26.4
26.5
26.5
20.8
21.3
21.4
21.1
20.9
20.8
20.6
20.5
20.4
20.3
20.1
20.1
20.0
20.0
19.9
19.8
19.8
19.7
19.7
19.7
19.7
19.7
19.6
19.6
19.6
19.6
19.6
19.6
19.6
19.5
19.5
19.5
19.6
19.6
19.5
19.5
19.5
19.5
19.5
19.5
19.6
19.6
19.6
19.6
19.6
19.6
19.6
19.6
19.6
19.6
19.5
19.5
19.5
19.5
19.5
19.6
19.6
19.5
19.5
19.5
19.5
19.5
19.5
19.5
19.5
19.5
19.6
19.6
19.6
19.6
19.6
19.6
19.5
19.5
19.5
19.6
19.6
19.5
19.5
19.5
19.5
19.5
19.6
19.5
19.5
19.5
19.5
19.5
19.5
19.5
19.5
19.5
19.5
19.5
19.5
19.5
19.5
19.5
19.5
19.5
19.5
19.5
19.5
19.5
19.5
19.5
19.4
19.4
19.4
19.5
19.4
19.5
19.4
19.4
19.5
19.5
19.5
19.5
19.5
19.5
19.5
19.5
19.5
19.5
19.5
19.5
19.5
19.5
19.5
19.5
19.5
19.5
19.5
19.5
19.6
19.5
19.5
19.5
19.5
19.5
19.5
19.4
19.5
19.5
19.5
19.5
19.5
19.5
19.4
19.4
19.5
19.5
19.5
19.5
19.5
19.5
19.4
19.5
19.5
19.5
19.5
19.5
19.5
19.5
19.5
19.5
19.5
19.5
19.5
19.5
19.5
19.5
19.5
19.5
19.5
19.5
19.5
19.5
19.5
19.5
19.4
19.5
19.5
19.4
19.4
19.5
19.5
19.5
19.5
19.5
19.5
19.5
19.5
19.5
19.5
19.5
19.5
19.5
19.5
19.5
19.5
19.5
19.5
19.5
19.5
19.5
19.5
19.5
19.5
19.5
19.5
19.5
19.5
19.5
19.5
19.5
19.5
19.5
19.5
19.5
19.5
19.5
19.5
19.5
19.5
19.5
19.6
19.5
19.5
19.5
19.5
19.5
19.5
19.5
19.5
19.5
19.5
19.5
19.5
19.5
19.5
19.5
19.5
19.5
19.5
19.5
19.6
19.6
19.5
19.5
19.5
19.5
19.5
19.5
19.5
19.5
19.5
19.6
19.5
19.5
19.6
19.6
19.6
19.5
19.5
19.5
19.5
19.5
19.5
19.5
19.5
19.5
19.5
19.5
19.5
19.6
19.6
19.5
19.5
19.5
19.6
19.6
19.5
19.5
19.5
19.5
19.5
19.5
19.5
19.5
19.5
19.5
19.5
19.5
19.5
19.5
19.5
19.5
19.5
19.5
19.5
19.5
19.5
19.5
19.5
19.5
19.5
19.5
19.5
19.5
19.5
19.5
19.5
19.5
19.5
19.5
19.5
19.5
19.5
19.5
19.5
19.5
19.5
19.5
19.5
19.5
19.5
19.5
19.5
19.5
19.5
19.5
19.5
19.5
19.5
19.5
19.5
19.5
19.5
19.5
19.5
19.5
19.5
19.5
19.6
19.6
19.6
19.6
19.5
19.5
19.6
19.6
19.5
19.5
19.5
19.5
19.5
19.6
19.6
19.5
19.5
19.5
19.5
19.5
19.5
19.5
19.5
19.5
19.5
19.5
19.5
19.5
19.5
19.5
19.5
19.5
19.5
19.5
19.5
19.5
19.5
19.5
19.5
19.5
19.5
19.5
19.5
19.5
19.5
19.5
19.5
19.4
19.5
19.5
19.5
19.5
19.5
19.5
19.5
19.5
19.5
19.5
19.5
19.5
19.5
19.5
19.6
19.5
19.5
19.5
19.5
19.5
19.5
19.6
19.6
19.5
19.5
19.6
19.6
19.6
19.6
19.6
19.6
19.6
19.6
19.5
19.6
19.6
19.5
19.5
19.6
19.5
19.5
19.6
19.5
19.5
19.6
19.5
19.5
19.6
19.5
19.5
19.6
19.5
19.6
19.5
19.5
19.5
19.5
19.5
19.5
19.5
19.5
19.5
19.5
19.5
19.5
19.5
19.5
19.5
19.5
19.5
19.5
19.5
19.5
19.5
19.5
19.5
19.5
19.5
19.5
19.5
19.5
19.5
19.6
19.6
19.5
19.5
19.6
19.6
19.5
19.5
19.5
19.5
19.5
19.5
19.5
19.5
19.5
19.5
19.5
19.5
19.6
19.5
19.5
19.5
19.5
19.5
19.5
19.5
19.5
19.5
19.6
19.5
19.5
19.5
19.6
19.5
19.5
19.6
19.5
19.5
19.5
19.5
19.5
19.5
19.5
19.5
19.5
19.5
19.5
19.5
19.5
19.5
19.5
19.5
19.5
19.5
19.5
19.5
19.5
19.6
19.6
19.6
19.6
19.5
19.5
19.5
19.5
19.5
19.5
19.5
19.5
19.5
19.5
19.5
19.5
19.5
19.5
19.5
19.5
19.5
19.5
19.5
19.5
19.4
19.5
