Watts Up? Header Record
W, V, A, WH, Cost, WH/Mo, Cost/Mo, Wmax, Vmax, Amax, Wmin, Vmin, Amin, PF, DC, PC, Hz, VA
14.1
14.7
15.2
15.6
15.9
16.2
16.5
16.8
17.0
17.2
17.4
17.6
17.8
18.0
18.1
18.2
18.3
18.4
18.5
18.6
18.6
18.7
18.7
18.8
18.8
18.8
18.8
18.8
18.9
18.9
18.9
18.9
18.9
18.9
18.9
19.0
19.0
19.0
19.0
19.0
19.0
19.0
19.0
19.0
19.0
18.9
19.0
18.9
19.0
19.0
19.0
19.0
19.0
19.0
19.0
19.0
19.0
19.0
19.1
19.0
19.0
19.0
19.0
19.0
19.0
19.0
19.0
19.0
19.0
19.1
19.1
19.1
19.0
19.0
19.1
19.1
19.1
19.1
19.1
19.1
19.1
19.1
19.1
19.1
19.1
19.1
19.1
19.1
19.1
19.1
19.1
19.1
19.1
19.0
19.0
19.0
19.0
19.0
19.0
19.0
19.0
19.1
19.0
19.0
19.1
19.1
19.1
19.0
19.0
19.1
19.1
19.0
19.0
19.1
19.1
19.0
19.0
19.0
19.0
19.0
19.0
19.0
19.0
19.0
19.0
19.1
19.0
19.0
19.0
19.0
19.0
19.0
19.1
19.0
19.0
19.1
19.0
19.0
19.0
19.0
19.1
19.1
19.1
19.1
19.1
19.0
19.0
19.1
19.1
19.0
19.0
19.1
19.1
19.1
19.0
19.0
19.1
19.1
19.1
19.0
19.0
19.1
19.1
19.1
19.0
19.0
19.0
19.0
19.1
19.0
19.1
19.0
19.1
19.1
19.0
19.0
19.0
19.0
19.0
19.0
19.0
19.0
19.1
19.0
19.0
19.1
19.1
19.1
19.1
19.1
19.1
19.0
19.1
19.1
19.1
19.1
19.1
19.1
19.0
19.1
19.0
19.0
19.1
19.0
19.0
19.1
19.1
19.1
19.1
19.1
19.1
19.1
19.1
19.1
19.1
19.1
19.1
19.1
19.1
19.1
19.1
19.1
19.1
19.1
19.1
19.1
19.1
19.1
19.1
19.1
19.1
19.1
19.1
19.1
19.1
19.1
19.1
19.1
19.0
19.0
19.0
19.0
19.0
19.0
19.0
19.0
19.0
19.0
19.0
19.0
19.0
19.0
19.0
19.0
19.2
19.2
19.2
19.2
19.2
19.2
19.2
19.2
19.1
19.1
19.1
19.1
19.1
19.1
19.1
19.0
19.1
19.1
19.1
19.1
19.1
19.1
19.1
19.1
19.0
19.0
19.0
19.0
19.0
19.0
19.0
19.0
19.0
19.0
19.0
19.0
19.0
19.0
19.0
19.0
19.0
19.0
19.0
19.0
19.1
19.1
19.1
19.1
19.2
19.1
19.1
19.1
19.1
19.1
19.1
19.0
19.0
19.0
19.1
19.1
19.1
19.1
19.1
19.1
19.1
19.1
19.1
19.2
19.1
19.1
19.2
19.2
19.1
19.1
19.1
19.1
19.1
19.1
19.1
19.1
19.1
19.1
19.1
19.1
19.1
19.1
19.1
19.1
19.1
19.1
19.1
19.1
19.1
19.0
19.1
19.1
19.0
19.0
19.1
19.1
19.1
19.1
19.1
19.1
19.1
19.0
19.1
19.1
19.0
19.0
19.0
19.0
19.0
19.1
19.1
19.0
19.0
19.1
19.1
19.1
19.1
19.1
19.1
19.1
19.1
19.1
19.0
19.0
19.1
19.1
19.1
19.1
19.0
19.0
19.0
19.1
19.1
19.1
19.1
19.1
19.1
19.0
19.1
19.1
19.1
19.1
19.0
19.0
19.0
19.0
19.1
19.1
19.1
19.0
19.0
19.0
19.1
19.0
19.0
19.0
19.1
19.1
19.1
19.1
19.1
19.1
19.1
19.1
19.1
19.1
19.1
19.1
19.1
19.1
19.1
19.1
19.1
19.1
19.1
19.1
19.1
19.1
19.1
19.1
19.1
19.1
19.1
19.1
19.1
19.1
19.1
19.1
19.1
19.1
19.1
19.1
19.1
19.1
19.1
19.0
19.0
19.1
19.1
19.1
19.1
19.1
19.1
19.1
19.1
19.1
19.0
19.0
19.1
19.1
19.1
19.1
19.1
19.1
19.1
19.1
19.1
19.1
19.1
19.1
19.1
19.1
19.1
19.1
19.1
19.1
19.1
19.1
19.1
19.1
19.1
19.1
19.1
19.1
19.1
19.1
19.1
19.1
19.0
19.0
19.1
19.1
19.1
19.1
19.1
19.1
19.1
19.1
19.1
19.1
19.1
19.1
19.1
19.1
19.1
19.1
19.1
19.1
19.1
19.1
19.1
19.1
19.1
19.2
19.1
19.1
19.1
19.1
19.1
19.2
19.1
19.2
19.1
19.1
19.2
19.2
19.2
19.2
19.1
19.1
19.1
19.1
19.1
19.1
19.1
19.1
19.1
19.1
19.1
19.1
19.1
19.1
19.1
19.1
19.1
