Watts Up? Header Record
W, V, A, WH, Cost, WH/Mo, Cost/Mo, Wmax, Vmax, Amax, Wmin, Vmin, Amin, PF, DC, PC, Hz, VA
12.9
13.4
13.9
14.3
14.6
14.9
15.2
15.4
15.6
15.8
16.0
16.1
16.3
16.4
16.5
16.6
16.7
16.8
16.8
16.9
16.9
17.0
17.0
17.0
17.1
17.1
17.1
17.1
17.2
17.2
17.2
17.2
17.2
17.2
17.3
17.2
17.3
17.3
17.3
17.3
17.3
17.3
17.3
17.3
17.3
17.3
17.3
17.3
17.3
17.4
17.4
17.3
17.3
17.4
17.3
17.3
17.3
17.3
17.3
17.3
17.3
17.4
17.4
17.3
17.4
17.4
17.4
17.3
17.4
17.4
17.4
17.4
17.4
17.4
17.4
17.4
17.4
17.3
17.4
17.4
17.4
17.4
17.4
17.4
17.4
17.4
17.4
17.3
17.3
17.3
17.3
17.4
17.3
17.3
17.4
17.4
17.4
17.4
17.4
17.4
17.4
17.4
17.4
17.4
17.4
17.5
17.4
17.4
17.4
17.4
17.5
17.5
17.4
17.4
17.5
17.5
17.5
17.5
17.5
17.5
17.5
17.5
17.5
17.5
17.4
17.4
17.4
17.4
17.4
17.4
17.5
17.4
17.4
17.4
17.4
17.4
17.5
17.4
17.5
17.5
17.4
17.5
17.5
17.4
17.4
17.4
17.5
17.5
17.4
17.4
17.4
17.5
17.5
17.5
17.5
17.5
17.5
17.4
17.4
17.4
17.4
17.4
17.4
