Watts Up? Header Record
W, V, A, WH, Cost, WH/Mo, Cost/Mo, Wmax, Vmax, Amax, Wmin, Vmin, Amin, PF, DC, PC, Hz, VA
17.8
17.7
17.7
17.7
17.7
17.7
17.7
17.8
17.8
17.8
17.8
17.9
17.9
18.0
18.0
18.0
18.0
18.0
18.0
18.1
18.1
18.1
18.1
18.1
18.1
18.1
18.1
18.1
18.2
18.1
18.2
18.2
18.2
18.2
18.2
18.2
18.2
18.2
18.2
18.2
18.2
18.2
18.2
18.2
18.2
18.2
18.2
18.2
18.2
18.2
18.2
18.2
18.2
18.1
18.2
18.1
18.1
18.1
18.2
18.1
18.1
18.1
18.1
18.1
18.1
18.1
18.1
18.2
18.2
18.2
18.2
18.2
18.2
18.1
18.2
18.1
18.2
18.2
18.2
18.2
18.1
18.2
18.2
18.2
18.2
18.2
18.2
18.1
18.2
18.2
18.1
18.2
18.2
18.2
18.2
18.2
18.2
18.2
18.1
18.2
18.2
18.2
18.2
18.1
18.2
18.2
18.2
18.2
18.2
18.2
18.2
18.2
18.2
18.2
18.2
18.2
18.2
18.2
18.2
18.2
18.2
18.2
18.2
18.2
18.2
18.2
18.2
18.2
18.2
18.2
18.2
18.2
18.2
18.2
18.2
18.2
18.2
18.2
18.2
18.2
18.2
18.2
18.2
18.2
18.2
18.2
18.2
18.2
18.3
18.2
18.2
18.2
18.2
18.2
18.2
18.2
18.2
18.2
18.2
18.2
18.2
18.2
18.2
18.2
18.2
18.2
18.2
18.2
18.2
18.2
18.2
18.2
18.2
18.2
18.2
18.2
18.2
18.2
18.2
18.2
18.2
18.2
18.3
18.2
18.2
18.2
18.2
18.3
18.3
18.3
18.3
18.3
18.3
18.3
18.3
18.3
18.3
18.3
18.3
18.3
18.3
18.3
18.3
18.2
18.3
18.3
18.3
18.2
18.2
18.2
18.3
18.3
18.3
18.3
18.3
18.3
18.2
18.3
18.2
18.3
18.2
18.2
18.2
18.3
18.2
18.2
18.2
18.3
18.3
18.2
18.3
18.3
18.3
18.3
18.3
18.2
18.3
18.3
18.3
18.3
18.2
18.2
18.2
18.3
18.2
18.3
18.3
18.3
18.3
18.3
18.2
18.2
18.2
18.2
18.2
18.2
18.3
18.2
18.3
18.3
18.3
18.3
18.3
18.3
18.3
18.3
18.4
18.3
18.3
18.3
18.3
18.3
18.3
18.3
18.3
18.3
18.3
18.3
18.3
18.3
18.3
18.3
18.3
18.3
18.3
18.3
18.3
18.3
18.3
18.3
18.2
18.3
18.3
