Watts Up? Header Record
W, V, A, WH, Cost, WH/Mo, Cost/Mo, Wmax, Vmax, Amax, Wmin, Vmin, Amin, PF, DC, PC, Hz, VA
15.9
16.3
16.6
16.9
17.1
17.4
17.6
17.8
17.9
18.1
18.3
18.4
18.5
18.6
18.7
18.8
18.8
18.9
18.9
19.0
19.0
19.0
19.1
19.1
19.1
19.2
19.2
19.2
19.2
19.2
19.2
19.2
19.3
19.3
19.3
19.3
19.3
19.3
19.3
19.3
19.3
19.3
19.3
19.3
19.3
19.3
19.3
19.4
19.3
19.4
19.3
19.4
19.3
19.4
19.4
19.4
19.4
19.4
19.4
19.4
19.4
19.4
19.4
19.4
19.4
19.4
19.4
19.4
19.4
19.4
19.5
19.5
19.5
19.5
19.4
19.4
19.4
19.4
19.4
19.4
19.4
19.4
19.4
19.4
19.4
19.4
19.4
19.4
19.4
19.4
19.4
19.4
19.4
19.4
19.5
19.4
19.4
19.4
19.4
19.4
19.4
19.4
19.4
19.4
19.4
19.4
19.4
19.5
19.4
19.4
19.4
19.4
19.4
19.4
19.5
19.4
19.4
19.4
19.5
19.4
19.5
19.4
19.4
19.5
19.4
19.4
19.4
19.5
19.4
19.5
19.4
19.4
19.5
19.4
19.4
19.4
19.4
19.5
19.4
19.4
19.4
19.4
19.5
19.5
19.4
19.4
19.4
19.4
19.5
19.4
19.4
19.4
19.4
19.5
19.4
19.5
19.4
19.5
19.4
19.4
19.5
19.5
19.4
19.4
19.4
19.5
19.5
19.5
19.4
19.4
19.5
19.5
19.4
19.4
19.4
19.4
19.4
19.4
19.5
19.4
19.4
19.4
19.5
19.4
19.5
19.5
19.4
19.5
19.5
19.5
19.5
19.5
19.4
19.5
19.5
19.4
19.5
19.4
19.5
19.4
19.4
19.5
19.5
19.5
19.4
19.4
19.5
19.4
19.4
19.4
19.4
19.4
19.4
19.4
19.4
19.5
19.5
19.5
19.5
19.4
19.5
19.4
19.5
19.4
19.4
19.5
19.4
19.4
19.5
19.4
19.4
19.5
19.5
19.5
19.4
19.4
19.4
19.4
19.5
19.5
19.4
19.4
19.5
19.4
19.4
19.5
19.4
19.5
19.4
19.5
19.4
19.4
19.5
19.4
19.4
19.5
19.4
19.4
19.4
19.5
19.4
19.5
19.4
19.4
19.5
19.4
19.4
19.4
19.5
19.4
19.5
19.5
19.5
19.5
19.5
19.5
19.4
19.4
19.4
19.5
19.5
19.4
19.5
19.5
19.5
19.5
19.5
19.5
19.5
19.5
19.5
19.5
19.4
19.4
19.5
19.4
19.5
19.5
19.4
19.5
19.5
19.5
19.5
19.5
19.5
19.5
19.4
19.4
19.5
19.5
19.5
19.5
19.5
19.5
19.5
19.5
19.5
19.5
19.5
19.5
19.5
19.4
19.4
19.5
19.4
19.5
19.4
19.5
19.5
19.5
19.5
19.5
19.5
19.5
19.5
19.5
19.5
19.5
19.4
19.4
19.5
19.4
19.5
19.5
19.4
19.5
19.5
19.5
19.5
19.5
19.5
19.5
19.5
19.5
19.4
19.4
19.5
19.4
19.4
19.5
19.5
19.5
19.4
19.4
19.5
19.5
19.5
19.5
19.5
19.5
19.5
19.4
19.4
19.5
19.4
19.5
19.4
19.5
19.5
19.4
19.5
19.5
19.4
19.5
19.5
19.5
19.5
19.5
19.4
19.4
19.5
19.5
19.5
19.5
19.5
19.5
19.4
19.4
19.5
19.5
19.5
19.4
19.5
19.5
19.4
19.5
19.5
19.5
19.5
19.5
19.5
19.5
19.5
19.5
19.5
19.5
19.5
19.5
19.5
19.5
19.5
19.5
19.5
19.5
19.5
19.5
19.4
19.5
19.5
19.5
19.5
19.5
19.5
19.5
19.5
19.5
19.5
19.5
19.5
19.4
19.5
19.5
19.5
19.5
19.5
19.5
19.5
19.5
19.5
19.5
19.5
19.5
19.5
19.5
19.5
19.5
19.5
19.5
19.5
19.5
19.5
19.5
19.5
19.5
19.5
19.5
19.5
19.5
19.5
19.4
19.4
19.5
19.5
19.5
19.5
19.5
19.5
19.5
19.5
19.5
19.5
19.5
19.5
19.5
19.5
19.5
19.5
19.5
19.5
19.5
19.5
19.5
19.5
19.5
19.4
19.5
19.4
19.5
19.5
19.5
19.5
19.5
19.5
19.5
19.5
19.5
19.5
19.5
19.5
19.5
19.5
19.5
19.5
19.5
19.5
19.5
19.5
19.5
19.5
19.5
19.5
19.5
19.5
19.5
19.5
19.5
19.5
19.5
19.5
19.5
19.5
19.5
19.5
19.5
19.5
19.5
19.5
19.5
19.5
19.5
19.5
19.5
19.5
19.5
19.5
19.5
19.5
19.5
19.5
19.5
19.5
19.6
19.5
19.5
19.5
19.5
19.5
19.5
19.5
19.5
19.5
19.5
19.5
19.5
19.5
19.5
19.5
19.5
19.5
19.5
19.5
19.5
19.5
19.5
19.5
19.5
19.5
19.5
19.5
19.5
19.5
19.5
19.5
19.5
19.5
19.5
19.5
19.5
19.5
19.5
19.5
19.5
19.5
19.5
19.5
19.5
19.5
19.5
19.5
19.5
19.5
19.5
19.5
19.5
19.5
19.5
19.5
19.5
19.5
19.5
19.5
19.5
19.5
19.5
19.5
19.5
19.5
19.5
19.5
19.5
19.5
19.5
19.5
19.5
19.5
19.5
19.5
19.5
19.5
19.5
19.5
19.5
19.5
19.5
19.5
19.5
19.5
19.5
19.5
19.5
19.5
19.5
19.5
19.5
19.5
19.5
19.5
19.5
19.5
19.5
19.5
19.5
19.5
19.5
19.6
19.6
19.6
19.6
19.5
19.5
19.5
19.5
19.6
19.6
19.6
19.6
19.5
19.5
19.6
19.6
19.6
19.6
19.6
19.6
19.6
19.5
19.6
19.5
19.5
19.5
19.5
19.5
19.5
19.5
19.5
19.5
19.5
19.5
19.5
19.5
19.5
19.5
19.5
19.5
19.5
19.5
19.5
19.5
19.5
19.5
19.5
19.5
19.5
19.5
19.5
19.5
19.5
19.5
19.5
19.5
19.5
19.5
19.5
19.5
19.5
19.5
19.5
19.5
19.5
19.5
19.5
19.5
19.5
19.5
19.5
19.5
19.5
19.5
19.5
19.5
19.4
19.5
19.5
19.5
19.5
19.5
19.5
19.5
19.5
19.5
19.5
19.5
19.5
19.5
19.5
19.5
19.5
19.5
19.5
19.5
19.4
19.4
19.5
19.5
19.5
19.5
19.5
19.5
19.5
19.5
19.5
19.5
19.5
19.5
19.5
19.5
19.5
19.5
19.5
19.5
19.5
19.5
19.4
19.5
19.5
19.4
19.5
19.5
19.5
19.5
19.5
19.5
19.5
19.5
19.5
19.5
19.5
19.5
19.5
19.5
19.5
19.5
19.5
19.5
19.5
19.5
19.5
19.5
19.5
19.5
19.5
19.5
19.5
19.5
19.5
19.5
19.5
19.5
19.5
19.5
19.5
19.5
19.5
19.5
19.5
19.5
19.5
19.5
19.5
19.5
19.5
19.5
19.5
19.6
19.6
19.7
19.7
