16.8
16.8
16.8
16.8
16.8
16.8
16.9
16.9
16.9
16.9
17.0
17.0
17.0
17.0
17.1
17.1
17.1
17.1
17.1
17.1
17.1
17.1
17.1
17.1
17.2
17.2
17.2
17.2
17.2
17.2
17.2
17.2
17.2
17.2
17.2
17.3
17.3
17.3
17.3
17.4
17.4
17.4
17.4
17.4
17.4
17.4
17.4
17.4
17.4
17.4
17.3
17.4
17.4
17.3
17.3
17.3
17.4
17.4
17.4
17.4
17.4
17.4
17.4
17.4
17.4
17.4
17.4
17.4
17.4
17.4
17.4
17.4
17.5
17.4
17.4
17.4
17.4
17.4
17.4
17.4
17.4
17.4
17.4
17.4
17.4
17.4
17.4
17.4
17.4
17.4
17.4
17.4
17.4
17.4
17.4
17.4
17.4
17.4
17.4
17.4
17.4
17.4
17.5
17.5
17.4
17.5
17.5
17.4
17.4
17.4
17.4
17.5
17.5
17.4
17.5
17.5
17.5
17.5
17.5
17.5
17.5
17.5
17.5
17.5
17.5
17.5
17.5
17.5
17.5
17.5
17.5
17.5
17.5
17.5
17.4
17.4
17.5
17.4
17.4
17.5
17.4
17.4
17.4
17.5
17.5
17.5
17.4
17.5
17.5
17.5
17.5
17.5
17.5
17.5
17.5
17.5
17.5
17.6
17.6
17.5
17.5
17.5
17.5
17.5
17.5
17.5
17.5
17.5
17.5
17.5
17.4
17.4
17.4
17.4
17.4
17.4
17.4
17.4
17.4
17.5
17.5
17.5
17.5
17.5
17.5
17.4
17.5
17.5
17.5
17.5
17.5
17.5
17.5
17.5
17.5
17.5
17.5
17.5
17.5
17.5
17.5
17.5
17.5
17.5
17.5
17.5
17.5
17.5
17.5
17.5
17.5
17.5
17.5
17.5
17.5
17.6
17.5
17.5
17.5
17.5
