Watts Up? Header Record
56, 2289, 120, _, _, _, _, _, _, _, _, _, _, _, _, _, _, _
14.7
15.1
15.8
16.4
16.9
17.1
17.3
17.5
17.6
17.8
17.9
18.0
18.0
18.1
18.2
18.2
18.3
18.4
18.4
18.5
18.5
18.6
18.6
18.6
18.6
18.6
18.6
18.6
18.6
18.7
18.7
18.7
18.7
18.7
18.7
18.7
18.7
18.7
18.7
18.7
18.7
18.7
18.7
18.6
18.6
18.7
18.7
18.7
18.7
18.7
18.7
18.7
18.7
18.7
18.7
18.7
18.7
18.7
18.7
18.8
18.8
18.8
18.8
18.8
18.8
18.8
18.8
18.8
18.8
18.9
18.8
18.8
18.9
18.8
18.8
18.8
18.8
18.8
18.7
18.7
18.7
18.7
18.7
18.7
18.7
18.8
18.8
18.8
18.8
18.8
18.8
18.8
18.8
18.8
18.8
18.8
18.8
18.8
18.8
18.8
18.8
18.8
18.8
18.8
18.8
18.8
18.8
18.8
18.8
18.8
18.8
18.8
18.8
18.8
18.8
18.8
18.8
18.8
18.8
18.8
18.8
18.8
18.8
18.8
18.8
18.8
18.8
18.8
18.8
18.8
18.9
18.9
18.9
18.9
18.9
18.9
18.9
18.9
18.9
18.9
18.9
18.9
18.8
18.8
18.8
18.8
18.8
18.8
18.9
18.9
18.9
18.8
18.8
18.9
18.8
18.8
18.8
18.8
18.8
18.8
18.8
18.8
18.8
18.8
18.8
18.8
18.8
18.7
18.7
18.8
18.8
18.7
18.8
18.8
18.8
18.8
18.8
18.8
18.8
18.8
18.8
18.8
18.8
18.8
18.8
18.8
18.8
18.9
18.9
18.9
18.8
18.8
18.8
18.8
18.8
18.9
18.8
18.9
18.9
18.8
18.8
18.9
18.9
18.8
18.8
18.9
18.8
18.9
18.8
18.8
18.8
18.8
18.8
18.8
18.8
18.9
18.9
18.9
18.9
18.9
18.9
18.9
18.9
18.9
18.8
18.9
18.9
18.8
18.9
18.9
18.8
18.8
18.8
18.8
18.8
18.8
18.8
18.8
18.8
18.7
18.7
18.8
18.8
18.8
18.8
18.8
18.8
18.8
18.8
18.8
18.8
18.8
18.9
18.9
18.9
18.9
18.9
18.9
18.9
18.8
18.8
18.8
18.8
18.8
18.8
18.8
18.8
18.8
18.8
18.8
18.8
18.8
18.7
18.8
18.7
18.7
18.7
18.8
18.8
18.8
18.8
18.8
18.8
18.8
18.8
18.8
18.8
18.8
18.8
18.8
18.8
18.8
18.8
18.8
18.8
18.8
18.8
18.8
18.8
18.9
18.9
18.8
18.8
18.9
18.8
18.8
18.8
18.8
18.9
18.8
18.9
18.9
18.8
18.9
18.9
18.9
18.9
18.9
18.9
18.8
18.8
18.9
18.9
18.9
18.9
18.9
18.8
18.8
18.9
18.9
18.9
18.9
18.9
18.9
18.9
18.9
18.8
18.8
18.9
18.8
18.9
18.8
18.8
18.8
18.8
18.8
18.8
18.8
18.8
18.9
18.9
18.9
18.9
18.9
18.9
18.9
18.8
18.8
18.8
18.8
18.8
18.8
18.8
18.8
18.8
18.8
18.8
18.8
18.8
18.8
18.8
18.8
18.8
18.8
18.8
18.8
18.8
18.8
18.8
18.9
18.8
18.8
18.8
18.8
18.8
18.8
18.8
18.8
18.8
18.8
18.8
18.8
18.9
18.8
18.9
18.8
18.9
18.8
18.8
18.8
18.8
18.8
18.8
18.8
18.8
18.8
18.8
18.8
18.8
18.8
18.8
18.8
18.8
18.8
18.8
18.9
18.8
18.8
18.9
18.9
18.9
18.9
18.9
18.9
18.8
18.8
18.8
18.8
18.8
18.8
18.8
18.7
18.7
18.8
18.8
18.8
18.8
18.8
18.8
18.8
18.8
18.8
18.8
18.8
18.8
18.8
18.9
18.8
18.8
18.9
18.8
18.9
18.9
18.9
18.9
18.9
18.8
18.9
18.9
18.9
18.9
18.9
18.9
18.9
18.9
18.9
18.9
18.9
18.9
18.9
18.9
18.9
18.9
18.9
18.9
18.9
18.8
18.8
18.8
18.8
18.8
18.8
18.9
18.9
18.9
18.9
18.9
18.9
18.9
18.9
18.9
18.9
18.9
18.8
18.8
18.8
18.8
18.8
18.8
18.8
18.8
18.8
18.8
18.8
18.7
18.7
18.8
18.8
18.8
18.8
18.7
18.7
18.7
18.8
18.8
18.8
18.7
18.8
18.8
18.8
18.8
18.8
18.8
18.8
18.8
18.8
18.8
18.8
18.8
18.8
18.8
18.8
18.8
18.8
18.8
18.8
18.8
18.8
18.8
18.8
18.9
18.9
18.8
18.9
18.9
18.8
18.8
18.8
18.8
18.9
18.8
18.8
18.9
18.8
18.8
18.9
18.9
18.9
18.9
18.8
18.8
18.9
18.9
18.9
18.9
18.8
18.9
18.8
18.9
18.8
18.8
18.8
18.8
18.8
18.9
18.9
18.9
18.9
18.8
18.9
18.8
18.9
18.9
18.9
18.9
18.9
18.8
18.9
18.9
18.9
18.9
18.8
18.8
18.9
18.8
18.9
18.9
18.8
18.9
18.9
18.9
18.9
18.9
18.9
18.9
18.9
18.9
18.9
18.9
18.9
18.9
19.0
19.0
19.0
19.0
19.0
18.9
19.0
18.9
18.9
18.9
18.9
18.9
18.9
18.9
18.9
18.9
18.9
18.9
18.9
18.9
18.9
18.9
18.9
18.9
18.9
18.9
18.9
18.9
18.9
18.9
18.9
18.9
18.9
18.9
18.9
18.9
18.9
18.9
18.9
18.9
18.9
18.9
18.9
18.9
18.9
18.9
18.9
18.9
18.9
18.9
18.9
19.0
18.9
18.9
18.9
18.9
18.9
18.9
18.9
18.9
18.9
18.9
18.9
18.9
18.9
18.8
18.9
18.9
18.9
18.9
18.9
18.8
18.9
18.9
18.9
18.9
18.9
18.8
18.9
18.9
18.9
18.9
18.9
18.9
18.9
18.9
18.9
18.9
18.9
18.9
18.9
18.9
18.9
18.9
18.9
18.9
18.9
18.9
18.9
18.9
18.9
18.9
18.9
18.8
18.8
18.8
18.8
18.8
18.8
18.9
18.8
18.9
18.9
18.9
18.9
18.9
18.8
18.9
18.9
18.9
19.0
19.0
19.0
18.9
18.9
18.9
18.9
18.9
18.9
18.9
18.9
18.9
18.9
18.9
19.0
19.0
18.9
18.9
19.0
18.9
18.9
19.0
18.9
18.9
18.9
19.0
19.0
18.9
18.9
18.9
18.9
18.9
18.9
18.9
18.9
18.9
18.9
18.9
18.9
18.9
18.9
18.9
18.9
18.9
18.9
18.9
18.9
18.9
