Watts Up? Header Record
W, V, A, WH, Cost, WH/Mo, Cost/Mo, Wmax, Vmax, Amax, Wmin, Vmin, Amin, PF, DC, PC, Hz, VA
17.8
17.8
17.8
17.8
17.8
17.8
17.9
17.9
17.9
17.9
18.0
18.0
18.1
18.1
18.1
18.1
18.1
18.2
18.2
18.2
18.2
18.2
18.3
18.3
18.3
18.3
18.3
18.3
18.3
18.3
18.4
18.4
18.4
18.4
18.4
18.4
18.4
18.4
18.4
18.4
18.4
18.4
18.4
18.4
18.4
18.4
18.4
18.4
18.4
18.4
18.4
18.4
18.4
18.4
18.4
18.4
18.4
18.4
18.4
18.4
18.4
18.4
18.4
18.4
18.4
18.4
18.4
18.4
18.4
18.4
18.4
18.3
18.3
18.3
18.3
18.3
18.3
18.4
18.4
18.3
18.3
18.3
18.3
18.3
18.3
18.3
18.3
18.3
18.3
18.4
18.4
18.4
18.4
18.4
18.5
18.5
18.4
18.4
18.4
18.4
18.5
18.5
18.5
18.5
18.4
18.4
18.4
18.4
18.5
18.4
18.4
18.5
18.5
18.5
18.4
18.4
18.5
18.5
18.5
18.5
18.5
18.4
18.5
18.5
18.5
18.5
18.5
18.5
18.5
18.5
18.5
18.5
18.5
18.5
18.5
18.5
18.4
18.4
18.4
18.4
18.4
18.5
18.5
18.5
18.4
18.4
18.5
18.5
18.5
18.4
18.4
18.4
18.4
18.4
18.4
18.4
18.4
18.4
18.4
18.4
18.4
18.4
18.4
18.5
18.5
18.5
18.4
18.4
18.4
18.4
18.4
18.4
18.4
18.4
18.4
18.4
18.4
18.4
18.4
18.4
18.4
18.4
18.4
18.4
18.4
18.4
18.4
18.4
18.5
18.5
18.4
18.4
18.5
18.5
18.5
18.5
18.5
18.5
18.5
18.5
18.5
18.5
18.5
18.5
18.5
18.5
18.5
18.5
18.4
18.4
18.5
18.5
18.5
18.5
18.5
18.5
18.5
18.4
18.4
18.5
18.5
18.5
18.5
18.4
18.4
18.5
18.4
18.4
18.5
18.5
18.5
18.5
18.5
18.5
18.4
18.4
18.5
18.5
18.5
18.5
18.5
18.5
18.5
18.5
18.5
18.5
18.6
18.6
18.6
18.6
18.5
18.5
18.5
18.5
18.5
18.5
18.5
18.5
18.5
18.5
18.5
18.5
18.5
18.5
18.5
18.5
18.5
18.5
18.5
18.5
18.5
18.5
18.5
18.5
18.5
18.5
18.5
18.5
18.5
18.5
18.5
18.5
18.5
18.5
18.5
18.5
18.5
18.5
18.5
18.5
18.5
18.5
18.5
18.5
18.5
18.5
18.5
18.5
18.5
18.5
18.5
18.5
18.5
18.5
18.5
18.6
18.6
18.6
18.6
18.6
18.5
18.5
18.6
18.6
18.5
18.5
18.5
18.5
18.5
18.5
18.5
18.5
18.5
18.5
18.5
18.5
18.5
18.5
18.5
18.4
18.5
18.4
18.4
18.5
18.5
18.5
18.4
18.5
18.5
18.5
18.5
18.5
18.5
18.5
18.5
18.5
18.5
18.5
18.5
18.5
18.5
18.5
18.5
18.5
18.5
18.5
18.5
18.5
18.5
18.5
18.5
18.5
18.5
18.6
18.6
18.6
18.6
18.6
18.6
18.6
18.6
18.6
18.6
18.5
18.5
18.5
18.5
18.5
18.5
18.5
18.5
18.5
18.4
18.4
18.4
18.5
18.4
18.4
18.4
18.4
18.4
18.4
18.4
18.5
18.5
18.5
18.5
18.5
18.5
18.5
18.5
18.5
18.5
18.5
18.5
18.5
18.5
18.5
18.5
18.5
18.5
18.5
18.5
18.5
18.5
18.5
18.4
18.4
18.4
18.4
18.4
18.4
18.4
18.4
18.5
18.5
18.5
18.5
18.5
18.5
18.5
18.4
18.4
18.4
18.4
18.4
18.4
18.4
18.4
18.4
18.4
18.4
18.4
18.4
18.4
18.4
18.4
18.4
18.4
18.4
18.4
18.4
18.4
18.4
18.5
18.5
18.5
18.5
18.5
18.5
18.5
18.5
18.5
18.5
18.5
18.5
18.5
18.5
18.5
18.5
18.5
18.5
18.5
18.5
18.5
18.5
18.5
18.5
18.5
18.5
18.5
18.5
18.4
18.5
18.5
18.5
18.5
18.5
18.5
18.6
18.5
18.5
18.5
18.6
18.6
18.5
18.5
18.5
18.5
18.5
18.5
18.5
18.5
18.5
18.5
18.5
18.8
19.3
19.5
19.7
19.8
20.0
20.0
19.8
19.7
19.5
19.4
19.3
19.2
19.2
19.1
19.0
19.0
18.9
18.8
18.8
18.7
18.7
18.7
18.7
18.6
18.6
18.6
18.6
18.6
18.6
18.6
18.6
18.6
18.6
18.5
18.5
18.5
18.5
18.5
