Watts Up? Header Record
W, V, A, WH, Cost, WH/Mo, Cost/Mo, Wmax, Vmax, Amax, Wmin, Vmin, Amin, PF, DC, PC, Hz, VA
18.3
18.2
18.3
18.3
18.2
18.3
18.3
18.3
18.3
18.4
18.4
18.4
18.5
18.6
18.6
18.6
18.6
18.6
18.6
18.6
18.6
18.6
18.6
18.5
18.5
18.6
18.6
18.6
18.6
18.5
18.6
18.6
18.6
18.6
18.6
18.6
18.6
18.6
18.6
18.6
18.6
18.6
18.6
18.6
18.6
18.6
18.6
18.6
18.6
18.6
18.6
18.6
18.6
18.7
18.6
18.6
18.6
18.6
18.7
18.7
18.6
18.7
18.6
18.7
18.7
18.7
18.7
18.7
18.7
18.6
18.6
18.6
18.7
18.6
18.7
18.7
18.7
18.6
18.6
18.7
18.6
18.7
18.7
18.6
18.7
18.7
18.7
18.7
18.7
18.7
18.7
18.7
18.7
18.7
18.7
18.7
18.7
18.7
18.7
18.7
18.7
18.6
18.6
18.7
18.7
18.7
18.7
18.6
18.6
18.7
18.7
18.6
18.7
18.7
18.6
18.7
18.7
18.7
18.7
18.7
18.7
18.7
18.7
18.7
18.7
18.7
18.7
18.7
18.7
18.7
18.7
18.7
18.7
18.8
18.7
18.7
18.7
18.7
18.7
18.7
18.7
18.7
18.7
18.7
18.7
18.7
18.7
18.7
18.7
18.8
18.7
18.8
18.7
18.7
18.7
18.7
18.7
18.8
18.8
18.8
18.7
18.7
18.7
18.7
18.7
18.7
18.7
18.8
18.7
18.7
18.7
18.7
18.7
18.7
18.7
18.7
18.7
18.7
18.7
18.7
18.8
18.8
18.7
18.7
18.7
18.8
18.7
18.7
18.7
18.7
18.7
18.7
18.7
18.7
18.7
18.7
18.7
18.7
18.7
18.8
18.7
18.7
18.7
18.7
18.8
18.8
18.7
18.7
18.7
18.7
18.7
18.8
18.7
18.8
18.7
18.7
18.7
18.7
18.7
18.8
18.8
18.7
18.7
18.7
18.8
18.8
18.7
18.7
18.7
18.7
18.7
18.8
18.8
18.7
18.7
18.7
18.7
18.7
18.7
18.7
18.7
18.7
18.7
18.7
18.7
18.7
18.7
18.7
18.7
18.7
18.7
18.7
18.8
18.8
18.8
18.8
18.7
18.8
18.7
18.8
18.7
18.7
18.7
18.7
18.8
18.8
18.7
18.8
18.8
18.7
18.8
18.8
18.7
18.8
18.7
18.8
18.7
18.7
18.7
18.7
18.8
18.8
18.7
18.7
18.7
18.7
18.7
18.7
18.8
18.7
