Watts Up? Header Record
W, V, A, WH, Cost, WH/Mo, Cost/Mo, Wmax, Vmax, Amax, Wmin, Vmin, Amin, PF, DC, PC, Hz, VA
18.9
18.9
19.0
19.0
19.1
19.1
19.1
19.2
19.2
19.3
19.3
19.4
19.4
19.5
19.6
19.6
19.6
19.7
19.7
19.7
19.8
19.8
19.8
19.8
19.8
19.9
19.9
19.9
19.9
19.9
19.9
19.9
19.9
19.9
19.9
19.9
19.9
19.9
19.9
20.0
19.9
20.0
20.0
19.9
19.9
19.9
19.9
20.0
19.9
20.0
19.9
19.9
19.9
19.9
19.9
19.9
19.9
20.0
19.9
20.0
19.9
19.9
20.0
20.0
19.9
19.9
19.9
19.9
19.9
19.9
19.9
19.9
19.9
19.9
19.9
19.9
19.9
19.9
19.9
19.9
19.9
20.0
20.0
20.0
19.9
20.0
19.9
19.9
19.9
19.9
19.9
19.9
19.9
19.9
20.0
20.0
20.0
20.0
19.9
20.0
20.0
19.9
19.9
20.0
20.0
19.9
19.9
19.9
19.9
19.9
19.9
19.9
19.9
19.9
19.9
19.9
20.0
20.0
20.0
20.0
20.0
20.0
20.0
20.0
20.0
19.9
19.9
19.9
19.9
19.9
20.0
20.0
20.0
19.9
19.9
19.9
19.9
19.9
19.9
19.9
19.9
19.9
19.9
19.9
19.9
19.9
19.9
19.9
19.9
20.0
19.9
19.9
19.9
20.0
20.0
19.9
20.0
19.9
19.9
20.0
19.9
19.9
19.9
19.9
19.9
20.0
20.0
20.0
20.0
19.9
20.0
20.0
19.9
19.9
19.9
20.0
20.0
19.9
19.9
20.0
20.0
20.0
19.9
20.0
19.9
19.9
19.9
19.9
20.0
20.0
20.0
20.0
19.9
19.9
19.9
19.9
19.9
19.9
19.9
19.9
19.9
19.9
19.9
19.9
19.9
19.9
20.0
20.0
20.0
20.0
20.0
19.9
20.0
19.9
19.9
20.0
20.0
19.9
19.9
20.0
20.0
20.0
20.0
19.9
20.0
20.0
19.9
19.9
19.9
19.9
20.0
20.0
20.0
20.0
20.0
20.0
20.0
