Watts Up? Header Record
W, V, A, WH, Cost, WH/Mo, Cost/Mo, Wmax, Vmax, Amax, Wmin, Vmin, Amin, PF, DC, PC, Hz, VA
17.0
17.0
16.9
17.0
17.0
17.0
17.0
17.1
17.1
17.1
17.1
17.2
17.2
17.3
17.3
17.3
17.3
17.4
17.4
17.4
17.5
17.5
17.5
17.5
17.4
17.5
17.5
17.5
17.5
17.5
17.5
17.5
17.5
17.5
17.5
17.5
17.5
17.5
17.6
17.6
17.6
17.6
17.6
17.6
17.6
17.6
17.6
17.6
17.6
17.5
17.6
17.6
17.6
17.6
17.6
17.6
17.6
17.6
17.6
17.6
17.6
17.6
17.6
17.6
17.7
17.7
17.6
17.6
17.6
17.6
17.6
17.6
17.6
17.6
17.6
17.6
17.6
17.6
17.6
17.6
17.6
17.6
17.6
17.6
17.6
17.6
17.6
17.6
17.7
17.6
17.6
17.6
17.6
17.6
17.6
17.6
17.6
17.6
17.6
17.6
17.6
17.6
17.6
17.7
17.6
17.6
17.6
17.6
17.6
17.6
17.6
17.6
17.6
17.6
17.6
17.6
17.6
17.6
17.6
17.6
17.6
17.6
17.6
17.7
17.7
17.6
17.6
17.6
17.6
17.6
17.6
17.7
17.7
17.6
17.6
17.7
17.7
17.7
17.7
17.8
17.9
17.9
17.9
17.9
17.8
17.8
17.9
17.9
17.9
17.9
17.8
17.8
17.8
17.8
17.8
17.8
17.7
17.7
17.7
17.8
17.7
17.7
17.7
17.7
17.7
17.7
17.7
17.7
17.7
17.7
17.7
17.7
17.7
18.0
18.2
18.2
18.1
18.0
18.0
18.0
18.0
17.9
17.9
17.9
17.8
17.8
17.8
17.7
17.8
17.8
17.8
17.8
23.7
24.0
23.4
23.0
23.5
23.6
18.5
18.5
18.3
18.3
18.2
18.2
18.2
18.3
18.3
18.2
18.1
18.1
18.0
18.0
17.9
17.9
17.9
17.9
17.8
17.8
17.8
17.8
17.8
