17.0
17.1
17.1
17.2
17.3
17.3
17.4
17.4
17.4
17.5
17.5
17.6
17.6
17.7
17.7
17.7
17.8
17.8
17.8
17.8
17.8
17.8
17.9
17.9
17.9
17.9
17.9
17.9
17.8
17.9
17.9
17.9
18.0
18.0
17.9
18.0
18.0
18.0
18.0
18.0
18.3
18.5
18.5
18.4
18.3
18.3
18.3
18.3
18.3
18.2
18.2
18.2
18.2
18.2
18.1
18.2
18.1
18.1
18.1
18.1
18.0
18.0
18.0
18.0
18.0
18.1
18.0
18.0
18.0
18.0
18.1
18.1
18.1
18.1
18.1
18.1
18.1
18.1
18.0
18.0
18.0
18.0
18.0
18.1
18.0
18.1
18.0
18.0
18.0
18.0
18.0
18.0
18.0
18.0
17.9
18.0
17.9
18.0
18.0
18.0
18.0
18.0
18.0
18.0
18.0
18.0
18.0
18.0
18.0
18.1
18.0
18.1
18.0
18.0
18.0
18.0
18.0
18.1
18.1
18.1
18.0
18.0
18.0
18.0
18.0
18.0
18.0
18.0
17.9
18.0
18.0
18.0
18.0
18.0
18.0
18.0
18.0
18.0
18.0
18.0
18.0
18.0
18.0
18.0
18.0
18.0
18.1
18.0
18.0
18.0
18.0
18.1
18.0
18.0
18.0
18.0
18.1
18.1
18.0
18.0
18.0
18.0
18.0
18.0
18.0
18.0
18.0
18.0
18.0
18.0
17.9
18.0
18.0
18.0
18.0
18.0
18.0
18.0
18.1
18.1
18.0
18.0
18.0
18.0
18.0
18.1
18.1
18.1
18.0
18.1
18.0
18.0
18.1
18.0
18.0
18.1
18.0
18.0
18.0
18.0
18.0
18.0
17.9
18.0
18.0
18.0
17.9
17.9
18.0
18.0
18.0
18.0
18.0
18.0
18.0
18.1
18.1
18.1
18.1
18.1
18.1
18.1
18.1
18.1
18.1
18.1
18.2
18.2
18.1
18.1
18.1
18.1
18.1
18.1
18.1
18.1
18.1
18.1
18.1
18.1
18.1
18.1
18.1
18.1
18.1
18.1
18.1
18.0
18.0
18.0
18.0
18.0
18.0
18.0
18.0
18.0
18.1
18.1
18.1
18.1
18.1
18.1
18.0
18.0
18.0
18.1
18.0
18.0
18.0
18.1
18.1
18.1
18.1
18.1
18.1
18.1
18.1
18.0
18.0
18.0
18.0
18.0
18.0
17.9
18.0
18.0
18.0
18.0
17.9
17.9
18.0
18.0
18.0
18.0
18.0
18.0
18.0
18.0
18.0
18.0
18.0
18.0
18.0
18.0
18.0
18.0
18.0
18.1
18.1
18.0
18.0
18.0
18.0
18.0
18.0
18.0
18.0
18.0
18.0
18.0
18.0
18.0
18.0
18.0
18.1
18.1
18.0
18.0
18.0
18.0
18.0
18.0
18.0
18.0
18.0
18.0
18.0
18.0
17.9
17.9
18.2
18.1
18.1
18.1
18.0
18.1
18.2
18.1
18.1
18.1
18.1
18.1
18.1
18.1
18.1
18.1
18.1
18.1
18.0
18.0
18.0
18.0
18.0
18.0
18.0
18.0
17.9
18.0
17.9
17.9
18.0
18.0
18.0
17.9
18.0
18.0
18.0
17.9
17.9
17.9
17.9
17.9
17.9
17.9
18.0
18.0
18.0
18.0
18.0
18.0
18.0
18.0
18.0
18.0
18.0
18.0
18.0
18.0
18.0
18.0
18.0
18.0
18.0
18.0
18.0
18.1
18.0
18.0
18.0
18.0
18.0
18.0
18.0
18.0
18.0
18.0
18.0
18.0
18.0
18.1
18.0
18.0
18.0
18.0
18.1
18.1
18.1
18.1
18.1
18.1
18.1
18.1
18.2
18.1
18.2
18.1
18.1
18.1
18.1
18.1
18.1
18.1
18.1
18.1
18.0
18.1
18.0
18.0
18.0
18.0
18.0
18.0
18.0
18.0
18.0
18.0
18.0
18.0
18.0
18.0
18.0
18.0
