Watts Up? Header Record
W, V, A, WH, Cost, WH/Mo, Cost/Mo, Wmax, Vmax, Amax, Wmin, Vmin, Amin, PF, DC, PC, Hz, VA
14.0
14.6
15.0
15.4
15.7
16.0
16.3
16.6
16.8
16.9
17.1
17.3
17.4
17.5
17.6
17.7
17.8
17.9
18.0
18.0
18.0
18.1
18.1
18.1
18.2
18.2
18.2
18.3
18.3
18.3
18.3
18.4
18.3
18.4
18.4
18.4
18.4
18.4
18.5
18.5
18.5
18.5
18.4
18.5
18.5
18.4
18.4
18.5
18.4
18.4
18.5
18.5
18.5
18.5
18.5
18.5
18.5
18.5
18.5
18.5
18.4
18.5
18.4
18.4
18.4
18.4
18.4
18.4
18.5
18.5
18.5
18.5
18.5
18.5
18.5
18.5
18.5
18.4
18.4
18.4
18.4
18.4
18.4
18.4
18.4
18.4
18.4
18.4
18.4
18.4
18.4
18.4
18.5
18.5
18.5
18.5
18.4
18.5
18.5
18.5
18.5
18.5
18.5
18.5
18.5
18.5
18.5
18.6
18.6
18.5
18.5
18.5
18.5
18.5
18.5
18.5
18.5
18.5
18.5
18.5
18.5
18.5
18.5
18.5
18.5
18.5
18.5
18.5
18.5
18.5
18.5
18.5
18.5
18.5
18.5
18.5
18.5
18.5
18.5
18.5
18.5
18.5
18.5
18.5
18.5
18.5
18.5
18.5
18.5
18.6
18.6
18.6
18.6
18.5
18.5
18.5
18.5
18.5
18.5
18.5
18.5
18.5
18.5
18.5
18.5
18.6
18.6
18.5
18.5
18.5
18.5
18.6
18.6
18.6
18.6
18.5
18.5
18.6
18.6
18.5
18.5
18.5
18.6
18.6
18.5
18.5
18.5
18.5
18.5
18.4
18.4
18.5
18.5
18.5
18.5
18.5
18.5
18.5
18.5
18.6
18.6
18.6
18.6
18.6
18.6
18.6
18.6
18.5
18.6
18.5
18.6
18.6
18.6
18.5
18.6
18.6
18.6
18.6
18.6
18.5
18.6
18.6
18.6
18.6
18.6
18.6
18.6
18.6
18.5
18.5
18.5
18.5
18.6
18.6
18.6
18.6
18.6
18.5
18.5
18.6
18.8
19.0
18.9
18.9
18.8
18.8
18.8
18.7
18.7
18.7
18.7
18.7
18.7
18.7
18.7
18.7
18.6
18.6
18.6
18.6
18.6
18.5
18.6
18.6
18.6
18.6
18.5
18.5
18.6
18.6
18.5
18.5
18.5
18.5
18.5
18.5
18.5
18.5
18.5
18.6
18.6
18.5
18.5
18.5
18.5
18.5
18.5
18.5
18.5
18.6
18.5
18.5
18.5
18.5
18.5
18.5
18.5
18.5
18.6
18.5
18.6
18.6
18.5
18.6
18.7
18.6
18.6
18.6
18.6
18.6
18.6
18.6
18.5
18.5
18.5
18.5
18.5
18.5
18.5
18.5
18.5
18.5
18.5
18.5
18.5
18.5
18.6
18.7
18.7
18.6
18.6
18.6
18.6
18.6
18.6
18.6
18.6
18.7
18.7
18.6
18.6
18.6
18.6
18.6
18.6
18.6
18.6
18.6
18.6
18.6
18.6
18.6
18.6
18.6
18.6
18.6
18.5
18.5
18.5
18.5
18.5
18.5
18.5
18.5
18.5
18.5
18.5
18.5
18.6
18.5
18.6
18.6
18.6
18.6
18.6
18.6
18.6
18.6
18.6
18.6
18.6
18.5
18.6
18.6
18.6
18.6
18.6
18.7
18.6
18.6
18.6
18.6
18.7
18.6
18.6
18.6
18.6
18.6
18.6
18.6
18.6
18.6
18.6
18.6
18.5
18.5
18.5
18.6
18.6
18.6
18.6
18.5
18.5
18.6
18.6
18.6
18.6
18.6
18.6
18.5
18.5
18.5
18.5
18.6
18.6
18.5
18.5
18.5
18.5
18.6
18.6
18.5
18.5
18.5
18.5
18.6
18.6
18.5
18.6
18.6
18.6
18.6
18.5
18.5
18.6
18.5
18.5
18.5
18.5
18.5
18.5
18.5
18.5
18.5
18.5
18.5
18.5
18.5
18.5
18.6
18.5
18.6
18.5
18.6
18.5
18.5
18.5
18.6
18.6
18.6
18.6
18.5
18.5
18.6
18.6
18.6
18.6
18.5
18.5
18.5
18.5
18.5
18.5
18.5
18.5
18.5
18.5
18.5
18.5
18.5
18.5
18.5
18.5
18.5
18.5
18.5
18.6
18.6
18.5
18.5
18.5
18.5
18.5
18.5
18.5
18.5
18.6
18.6
18.6
18.6
18.5
18.6
18.6
18.6
18.6
18.6
18.6
18.6
18.6
18.6
18.6
18.5
18.5
18.6
18.5
18.5
18.5
18.5
18.5
18.6
18.5
18.6
18.6
18.6
18.6
18.6
18.6
