Watts Up? Header Record
W, V, A, WH, Cost, WH/Mo, Cost/Mo, Wmax, Vmax, Amax, Wmin, Vmin, Amin, PF, DC, PC, Hz, VA
15.1
15.1
15.2
15.2
15.2
15.2
15.3
15.3
15.3
15.3
15.4
15.4
15.5
15.5
15.6
15.6
15.6
15.6
15.7
15.7
15.7
15.8
15.8
15.8
15.8
15.8
15.8
15.8
15.8
15.8
15.8
15.8
15.8
15.8
15.8
15.8
15.8
15.8
15.8
15.8
15.8
15.8
15.8
15.8
15.8
15.8
15.8
15.8
15.9
15.9
15.8
15.9
15.9
15.9
15.9
15.9
15.9
15.8
15.8
15.9
15.9
15.9
15.9
15.8
15.9
15.9
15.9
15.9
15.9
15.9
15.9
15.9
15.9
15.9
15.8
15.9
15.9
15.8
15.8
15.9
15.9
15.9
15.9
15.9
15.9
15.9
15.9
15.9
15.9
15.8
15.8
15.9
15.9
15.8
15.8
15.9
15.9
15.8
15.8
15.9
15.9
15.9
15.9
15.9
15.9
15.9
15.9
15.9
15.9
15.8
15.8
15.9
15.8
15.8
15.8
15.9
15.9
15.8
15.8
15.8
15.9
15.9
15.8
15.8
15.8
15.8
15.8
15.8
15.8
15.8
15.9
15.9
15.8
15.8
15.8
15.9
15.9
15.8
15.9
15.9
15.8
15.9
15.9
15.8
15.8
15.8
15.8
15.8
15.9
15.9
15.8
15.8
15.8
15.8
15.8
15.8
15.8
15.8
15.8
15.8
15.8
15.8
15.8
15.8
15.8
15.8
15.8
