14.5
14.9
15.2
15.6
15.8
16.1
16.3
16.5
16.7
16.8
17.0
17.1
17.2
17.3
17.5
17.5
17.6
17.6
17.7
17.7
17.8
17.9
17.9
17.9
18.0
18.0
18.0
18.1
18.0
18.1
18.1
18.1
18.1
18.2
18.2
18.2
18.2
18.2
18.2
18.2
18.3
18.3
18.3
18.3
18.3
18.3
18.3
18.3
18.3
18.3
18.3
18.3
18.3
18.4
18.4
18.4
18.4
18.4
18.4
18.4
18.3
18.3
18.3
18.3
18.3
18.2
18.2
18.2
18.2
18.2
18.2
18.2
18.2
18.2
18.2
18.2
18.2
18.2
18.2
18.2
18.2
18.2
18.2
18.2
18.2
18.2
18.2
18.2
18.3
18.3
18.3
18.3
18.3
18.3
18.3
18.3
18.2
18.2
18.3
18.3
18.3
18.3
18.3
18.3
18.3
18.4
18.3
18.4
18.3
18.3
18.4
18.4
18.4
18.4
18.4
18.4
18.3
18.4
18.4
18.3
18.3
18.4
18.4
18.3
18.4
18.4
18.4
18.4
18.4
18.4
18.5
18.5
18.5
18.4
18.4
18.4
18.4
18.5
18.5
18.5
18.5
18.5
18.5
18.5
18.5
18.5
18.5
18.5
18.5
18.4
18.5
18.5
18.5
18.4
18.5
18.5
18.5
18.5
18.5
18.4
18.4
18.4
18.4
18.5
18.4
18.4
18.4
18.4
18.4
18.3
18.3
18.3
18.3
18.3
18.3
18.3
18.3
18.2
18.3
18.3
18.3
18.3
18.3
18.3
18.1
