Watts Up? Header Record
W, V, A, WH, Cost, WH/Mo, Cost/Mo, Wmax, Vmax, Amax, Wmin, Vmin, Amin, PF, DC, PC, Hz, VA
12.2
12.7
13.1
13.6
13.9
14.2
14.5
14.8
15.0
15.2
15.4
15.6
15.7
15.9
16.0
16.1
16.2
16.3
16.3
16.4
16.4
16.5
16.5
16.6
16.6
16.6
16.7
16.7
16.7
16.7
16.7
16.8
16.9
16.9
16.9
16.9
16.9
16.9
16.8
16.8
16.9
16.8
16.8
16.8
16.8
16.8
16.8
16.8
16.8
16.8
16.9
16.8
16.8
16.8
16.8
16.8
16.8
16.8
16.8
16.8
16.8
16.8
16.8
16.8
16.8
16.8
16.8
16.8
16.8
16.8
16.8
16.8
16.7
16.8
16.8
16.8
16.8
16.8
16.8
16.8
16.8
16.8
16.8
16.8
16.8
16.8
16.8
16.8
16.8
16.8
16.7
16.7
16.8
16.8
16.7
16.8
16.7
